y <-
structure(list(a = 1, b = "lol"), class = "data.frame", row.names = c(NA, 
-1L))
x <-
c(0.10000000000000001, 0.20000000000000001)
